7552628275567875731168567565116182787311625362585211621156751167116871741161116256767565755611525675567357676558652561115254561161116782756258681161115268671156756858756211521111625411575768756711525625717352747173115775566475255255786756561155826178656711757876557564116855627552617327
73746765115667755455521167685575625875521175787476557675558268757668
6111526867787511685655576775117671742557736211521162616258755675552552557466756674786762581167116167621168257175731165527474665261755475
611156647374552554765567756165116571625811757874745411115265671162541157717173
621152116811566582527156566811525644621152116111565611625511526258557456525656577374751156541156561167755667742753116864671156116258256211
5211611152115673561162541161115675576511676875567875731161115211535675
685656756711685862566173747367565452751176118275567566115656115668677455617374567874777311815274562774566155546611687477116225751162566166617367742575685811617311565656581167622762737556116855735211611162551168
61766161115211566767541168617311566155527411685662561168666756115627625467747168566865116175116256667411526567116711611156756811616611611152
567555535476566111521165116211627411567527
61115265556875751162116175745661555466116825525561115265556875751156
6175745678745562587556561176115754767411567556115775561167567468557556686173746567765827
6757676276117573561156715654677565116875565373745756652552556278741168116111685675625476557156565575521161747873117661527468821167115211617571757373716255627565625675827511611156561162551176
737511745374255255627867116875651168116782785211566582617156562778652567756865116865116182677576557375671152616861731176116182577368116162
52677327
56567556567475565373115211565666675575115256616662116111686525525553
6711527566587511576875745671685665557556677411586274116111686411616776
61116578115656756711561158741168521168666411561156676711655227
6167521152756111675674685511671165756155755667741167115256116211616774751161116255521161116575565611777356551175787467757511565677116211616774
6856562575521161117658755656622774565565116111525674737411626575561156566753656711756174575644525575
527475567566116762116182665511616211625211767111567875615575566865
6167116775566558682761116176611175787452715656681165526258717173
56617111527568116111625611671168557355626511681168586211686511525675
735711746856
715656758261116862561174521155116167116175621152116768535665117611716775566558681162617466115662625671736856116811757874575875671161116256
67116856625611626767445255785611757867115656255278821182717556621168755678525611625611686511681156715452716744621152117661525865527571565668
525627
7578746775735265111162541157717173117578747556677773537325666467
567173751157687511687352617175736811611156751182787362586173786774116752788274566155655267557467567556677411566562751161115256257456787452651168746611815675751176551156117552581173572553755311611162567175737354586256
56116111521156825661767555116111521168567511525661661168587711621156
567511617661755656787311587462117511115261737867561175755653732557737568581156615553561162567511562561115211656874667566747573567555617311
5211767174116782755225656411732755736258525575567374115775562574567874666556115652741156615552656174577375755661
7456546556117611686166785211611152116856577311671156546556117611686173785211611152116867116173445375681168735667626173681161667655737568
6111755618115258525611621152545765746862747168651152115264751161116255
7356821167111162615773755666666711116865117375671161757562115656745411
75732552557482755211565611566556116756655867651168755667777353734453757576616211567511671111527575115665827668651161757352651152716755115665
6811678254765575561168116756745255565411755625537575561168587575567366675674
677773616574116111625578745575736256116874771162115774565476551167118268566574116261825657731161117371655611611156755252677575567354277556117174565756445574736258617356582574117475115256617366526258545673
7556117565741156765573756825525554765456116111567552557877556174755264
68755653731174745657767573556856615227621152116811687354625661747552642561787773116175745661671161731167